Parsing=0.00223
Instantiation=0.0572
Fluent_Copying=0.000398
Init_And_Goal_Copying=1.4e-05
Operators_Copying=0.00103
