Parsing=0.00216
Instantiation=0.0799
Fluent_Copying=0.000337
Init_And_Goal_Copying=1.8e-05
Operators_Copying=0.000849
