Parsing=0.00221
Instantiation=0.0552
Fluent_Copying=0.000401
Init_And_Goal_Copying=1.6e-05
Operators_Copying=0.00172
