Parsing=0.00225
Instantiation=0.0583
Fluent_Copying=0.000402
Init_And_Goal_Copying=1.3e-05
Operators_Copying=0.00108
