Parsing=0.000345
Instantiation=0.0232
Fluent_Copying=0.000327
Init_And_Goal_Copying=1.8e-05
Operators_Copying=0.00131
