Parsing=0.000437
Instantiation=0.051
Fluent_Copying=0.00023
Init_And_Goal_Copying=2.2e-05
Operators_Copying=0.000511
