Parsing=0.000386
Instantiation=0.0497
Fluent_Copying=0.00021
Init_And_Goal_Copying=1.8e-05
Operators_Copying=0.000472
