Parsing=0.00231
Instantiation=0.0469
Fluent_Copying=0.000377
Init_And_Goal_Copying=1.6e-05
Operators_Copying=0.000902
